    1       0.000      1.391     -127.156     1.391     -127.156    0.1392     -127.156
    2      50.000      1.230     -127.104     1.230     -127.104    0.2287E-03 -127.104
    3     100.000      1.069     -127.035     1.069     -127.035    0.1988E-03 -127.035
    4     150.000     0.9075     -126.942    0.9075     -126.942    0.1688E-03 -126.942
    5     200.000     0.7464     -126.809    0.7464     -126.809    0.1389E-03 -126.809
    6     250.000     0.5854     -126.601    0.5854     -126.601    0.1089E-03 -126.601
    7     300.000     0.4244     -126.234    0.4244     -126.234    0.7895E-04 -126.234
    8     350.000     0.2634     -125.420    0.2634     -125.420    0.4900E-04 -125.420
    9     400.000     0.1026     -122.048    0.1026     -122.048    0.1909E-04 -122.048
   10     450.000     0.5974E-01   42.922    0.5974E-01   42.922    0.1111E-04   42.922
   11     500.000     0.2202       49.863    0.2202       49.863    0.4096E-04   49.863
   12     550.000     0.2194       48.501    0.2194       48.501    0.4082E-04   48.501
   13     600.000     0.2188       47.129    0.2188       47.129    0.4070E-04   47.129
   14     650.000     0.4137       50.334    0.4137       50.334    0.7697E-04   50.334
   15     700.000     0.6092       51.485    0.6092       51.485    0.1133E-03   51.485
   16     750.000     0.8048       52.077    0.8048       52.077    0.1497E-03   52.077
   17     800.000      1.000       52.438     1.000       52.438    0.1861E-03   52.438
   18     850.000      1.196       52.681     1.196       52.681    0.2225E-03   52.681
   19     900.000      1.392       52.856     1.392       52.856    0.1393       52.856