    1       0.000      3.831      -81.971     3.831      -81.971    0.3834      -81.971
    2      50.000      3.363      -82.121     3.363      -82.121    0.6256E-03  -82.121
    3     100.000      2.894      -82.320     2.894      -82.320    0.5385E-03  -82.320
    4     150.000      2.426      -82.594     2.426      -82.594    0.4514E-03  -82.594
    5     200.000      1.958      -83.000     1.958      -83.000    0.3643E-03  -83.000
    6     250.000      1.490      -83.659     1.490      -83.659    0.2773E-03  -83.659
    7     300.000      1.023      -84.921     1.023      -84.921    0.1903E-03  -84.921
    8     350.000     0.5566      -88.301    0.5566      -88.301    0.1035E-03  -88.301
    9     400.000     0.1102     -121.483    0.1102     -121.483    0.2050E-04 -121.483
   10     450.000     0.3912      109.651    0.3912      109.651    0.7279E-04  109.651
   11     500.000     0.8559      103.900    0.8559      103.900    0.1592E-03  103.900
   12     550.000     0.8515      102.969    0.8515      102.969    0.1584E-03  102.969
   13     600.000     0.8474      102.029    0.8474      102.029    0.1576E-03  102.029
   14     650.000      1.344      100.118     1.344      100.118    0.2499E-03  100.118
   15     700.000      1.840       99.239     1.840       99.239    0.3424E-03   99.239
   16     750.000      2.337       98.734     2.337       98.734    0.4349E-03   98.734
   17     800.000      2.835       98.407     2.835       98.407    0.5274E-03   98.407
   18     850.000      3.332       98.177     3.332       98.177    0.6199E-03   98.177
   19     900.000      3.829       98.008     3.829       98.008    0.3833       98.008